check-blocks: 
bytes: 6a, aa, 11, d1, b4, c6, 68, a, e4, b9, 66, 49, bc, 1c, 38, 9a, a, 0, 2, 8d, f4, 17, 6d, 61, d7, 5c, c7, 73, 7, e4, ab, ba
check-s-block: 
16, 15, 16, 15
15, 16, 15, 16
16, 15, 16, 15
15, 16, 15, 16
15, 16, 15, 16
16, 15, 16, 15
15, 16, 15, 16
16, 15, 16, 15

check-s-block: 
16, 15, 16, 15
15, 16, 15, 16
15, 16, 15, 16
16, 15, 16, 15
15, 16, 15, 16
16, 15, 16, 15
16, 15, 16, 15
15, 16, 15, 16

check-s-block: 
16, 15, 15, 16
15, 16, 16, 15
15, 16, 16, 15
16, 15, 15, 16
15, 16, 16, 15
16, 15, 15, 16
16, 15, 15, 16
15, 16, 16, 15

check-s-block: 
16, 15, 16, 15
15, 16, 15, 16
15, 16, 15, 16
16, 15, 16, 15
15, 16, 15, 16
16, 15, 16, 15
16, 15, 16, 15
15, 16, 15, 16

check-s-block: 
16, 16, 16, 16
15, 15, 15, 15
16, 16, 16, 16
15, 15, 15, 15
16, 16, 16, 16
15, 15, 15, 15
16, 16, 16, 16
15, 15, 15, 15

check-s-block: 
16, 16, 15, 15
15, 15, 16, 16
15, 15, 16, 16
16, 16, 15, 15
15, 15, 16, 16
16, 16, 15, 15
16, 16, 15, 15
15, 15, 16, 16

check-s-block: 
16, 15, 15, 16
15, 16, 16, 15
16, 15, 15, 16
15, 16, 16, 15
16, 15, 15, 16
15, 16, 16, 15
16, 15, 15, 16
15, 16, 16, 15

check-s-block: 
16, 16, 15, 15
16, 16, 15, 15
15, 15, 16, 16
15, 15, 16, 16
15, 15, 16, 16
15, 15, 16, 16
16, 16, 15, 15
16, 16, 15, 15

check-s-block: 
16, 16, 16, 16
16, 16, 16, 16
16, 16, 16, 16
16, 16, 16, 16
15, 15, 15, 15
15, 15, 15, 15
15, 15, 15, 15
15, 15, 15, 15

check-s-block: 
16, 16, 15, 15
16, 16, 15, 15
15, 15, 16, 16
15, 15, 16, 16
16, 16, 15, 15
16, 16, 15, 15
15, 15, 16, 16
15, 15, 16, 16

